BFS
4 4 4
1 1 1
3 3 3
9
0 0 0 1 2 3 4 5 6 7 8 9 10 11 12 13 14 15 16 17 18
1 0 0 1 2 3 4 5 6 7 8 9 10 11 12 13 14 15 16 17 18
0 1 0 1 2 3 4 5 6 7 8 9 10 11 12 13 14 15 16 17 18
0 0 1 1 2 3 4 5 6 7 8 9 10 11 12 13 14 15 16 17 18
1 1 0 1 2 3 4 5 6 7 8 9 10 11 12 13 14 15 16 17 18
1 0 1 1 2 3 4 5 6 7 8 9 10 11 12 13 14 15 16 17 18
0 1 1 1 2 3 4 5 6 7 8 9 10 11 12 13 14 15 16 17 18
1 1 1 1 2 3 4 5 6 7 8 9 10 11 12 13 14 15 16 17 18
2 1 1 1 2 3 4 5 6 7 8 9 10 11 12 13 14 15 16 17 18
1 2 1 1 2 3 4 5 6 7 8 9 10 11 12 13 14 15 16 17 18
1 1 2 1 2 3 4 5 6 7 8 9 10 11 12 13 14 15 16 17 18
2 2 1 1 2 3 4 5 6 7 8 9 10 11 12 13 14 15 16 17 18
2 1 2 1 2 3 4 5 6 7 8 9 10 11 12 13 14 15 16 17 18
1 2 2 1 2 3 4 5 6 7 8 9 10 11 12 13 14 15 16 17 18
2 2 2 1 2 3 4 5 6 7 8 9 10 11 12 13 14 15 16 17 18
3 2 2 1 2 3 4 5 6 7 8 9 10 11 12 13 14 15 16 17 18
3 3 3 1 2 3 4 5 6 7 8 9 10 11 12 13 14 15 16 17 18
2 0 1 1 2 3 4 5 6 7 8 9 10 11 12 13 14 15 16 17 18
0 2 1 1 2 3 4 5 6 7 8 9 10 11 12 13 14 15 16 17 18
2 1 0 1 2 3 4 5 6 7 8 9 10 11 12 13 14 15 16 17 18
0 1 2 1 2 3 4 5 6 7 8 9 10 11 12 13 14 15 16 17 18
1 2 0 1 2 3 4 5 6 7 8 9 10 11 12 13 14 15 16 17 18
1 0 2 1 2 3 4 5 6 7 8 9 10 11 12 13 14 15 16 17 18
2 2 0 1 2 3 4 5 6 7 8 9 10 11 12 13 14 15 16 17 18
2 0 2 1 2 3 4 5 6 7 8 9 10 11 12 13 14 15 16 17 18
0 2 2 1 2 3 4 5 6 7 8 9 10 11 12 13 14 15 16 17 18